0.409359	0.407732	0.398497	0.407064	0.401265	0.396398	0.409596	0.408839	0.401587	0.40052	0.391126	0.402076	0.40005	0.408436	0.394088	0.403052	0.398596	0.406541	0.405174	0.404168	0.396081	0.406465	0.399193	0.405257	0.398265	0.390353	0.404619	0.396544	0.402979	0.399903	0.399363	0.402337	0.397635	0.407861	0.399401	0.4089	0.394259	0.398998	0.407739	0.405846	0.409518	0.408865	0.397921	0.399568	0.407301	0.40201	0.39262	0.395897	0.39855	0.407794	0.390065	0.404632	0.404259	0.399258	0.399888	0.392524	0.399611	0.394507	0.399067	0.392589	0.404409	0.408431	0.404927	0.392044	
0.406292	0.394328	0.390944	0.390551	0.403326	0.408683	0.406396	0.402844	0.407548	0.394318	0.392412	0.404849	0.406328	0.395032	0.390746	0.394878	0.392826	0.39081	0.409509	0.407085	0.400068	0.399398	0.409609	0.409679	0.403904	0.398676	0.392269	0.398314	0.397107	0.407195	0.400358	0.393399	0.391523	0.401302	0.393949	0.404849	0.399985	0.390346	0.397693	0.397533	0.394664	0.400105	0.392382	0.390991	0.405137	0.393128	0.395869	0.407963	0.393938	0.395378	0.405048	0.404007	0.404776	0.404656	0.403686	0.39868	0.393333	0.405954	0.406994	0.40044	0.40315	0.397351	0.403838	0.404673	
0.408654	0.407788	0.399522	0.398639	0.408133	0.407215	0.406172	0.392797	0.39732	0.408554	0.393788	0.392457	0.391682	0.399657	0.39042	0.39562	0.405035	0.405467	0.409627	0.399811	0.400124	0.403313	0.408492	0.403456	0.399267	0.405485	0.393896	0.392417	0.392837	0.407734	0.40709	0.39149	0.405521	0.396612	0.400129	0.403655	0.393827	0.396301	0.406451	0.401147	0.394855	0.39024	0.403604	0.396537	0.399897	0.404024	0.402158	0.394932	0.399491	0.401785	0.404743	0.409614	0.395097	0.403235	0.40307	0.404364	0.39872	0.406966	0.406781	0.401557	0.4047	0.40387	0.403047	0.400221	
0.390482	0.393176	0.393876	0.394309	0.399477	0.390327	0.405456	0.404332	0.390567	0.39906	0.390869	0.400463	0.393083	0.403027	0.405396	0.402574	0.394812	0.400139	0.402188	0.399909	0.393374	0.395259	0.394273	0.402094	0.392225	0.391054	0.393651	0.406925	0.404924	0.406698	0.397146	0.405406	0.409873	0.401022	0.409715	0.39935	0.401349	0.405171	0.393682	0.401916	0.394231	0.394552	0.392379	0.397315	0.407579	0.407775	0.409889	0.392391	0.397914	0.402077	0.4023	0.401288	0.407336	0.406573	0.393382	0.409561	0.407627	0.397032	0.406486	0.402551	0.39373	0.393631	0.397957	0.393603	
0.404653	0.397673	0.402954	0.396002	0.392844	0.406636	0.407917	0.397076	0.391188	0.390296	0.40439	0.408767	0.408071	0.40428	0.391158	0.395985	0.396357	0.403457	0.407272	0.393693	0.40003	0.390654	0.393254	0.397656	0.397686	0.40974	0.390207	0.401416	0.393371	0.398165	0.405019	0.408024	0.405838	0.397973	0.394026	0.408682	0.394609	0.391943	0.395758	0.395797	0.392239	0.390148	0.394564	0.39031	0.404428	0.395722	0.396295	0.390785	0.409179	0.393567	0.394478	0.399209	0.394221	0.397732	0.406865	0.401907	0.397472	0.407072	0.393323	0.400843	0.395237	0.408342	0.398867	0.391075	
0.396315	0.402892	0.409757	0.400924	0.404835	0.395514	0.406721	0.407074	0.395662	0.391286	0.407384	0.39009	0.397007	0.393679	0.390875	0.396186	0.397246	0.395352	0.405395	0.401466	0.403084	0.40226	0.393373	0.390556	0.399332	0.396696	0.401399	0.404569	0.395038	0.390266	0.405643	0.401353	0.403158	0.4054	0.392278	0.397994	0.390914	0.408999	0.395068	0.396576	0.390285	0.392452	0.396666	0.397292	0.396131	0.397541	0.403478	0.403377	0.402893	0.398873	0.394843	0.395978	0.391133	0.398217	0.396534	0.400465	0.404913	0.407933	0.395033	0.409951	0.408199	0.390677	0.401304	0.401358	
0.406076	0.403582	0.409351	0.40699	0.402582	0.394419	0.393567	0.402866	0.396871	0.400233	0.390159	0.403003	0.407774	0.403637	0.39638	0.400667	0.39251	0.401223	0.406645	0.393643	0.40944	0.393179	0.404107	0.404352	0.391113	0.409141	0.404303	0.409312	0.409817	0.395607	0.40067	0.405894	0.409189	0.400022	0.402884	0.401771	0.404441	0.406451	0.394637	0.391312	0.396684	0.394796	0.404315	0.394458	0.408433	0.390694	0.405126	0.390943	0.401917	0.401771	0.394586	0.401357	0.40495	0.408693	0.395709	0.406063	0.407834	0.390012	0.405375	0.407651	0.395619	0.396046	0.403545	0.394808	
0.406067	0.396429	0.406579	0.400508	0.392879	0.391217	0.40182	0.399563	0.396013	0.396135	0.404022	0.394446	0.396829	0.399147	0.395389	0.408747	0.390918	0.399976	0.400104	0.405868	0.398669	0.405813	0.401931	0.396503	0.405824	0.397307	0.394154	0.391443	0.403353	0.407699	0.396252	0.39942	0.394127	0.392831	0.409928	0.397007	0.394048	0.401748	0.40657	0.400061	0.407884	0.400592	0.404507	0.394713	0.409739	0.409896	0.39346	0.390657	0.399872	0.403563	0.406525	0.408541	0.399376	0.398457	0.395044	0.3952	0.405764	0.399198	0.396644	0.399116	0.396897	0.402896	0.408536	0.401024	
0.405727	0.408464	0.408031	0.409775	0.400212	0.404602	0.399836	0.398096	0.395194	0.394343	0.402809	0.394933	0.39424	0.406269	0.39559	0.404112	0.399832	0.392115	0.402653	0.409208	0.400571	0.407697	0.394408	0.396335	0.396895	0.401052	0.405451	0.403791	0.393947	0.403987	0.394816	0.409674	0.402451	0.392847	0.409449	0.392664	0.407448	0.399285	0.40076	0.392642	0.403629	0.393568	0.397575	0.407868	0.409837	0.403164	0.40198	0.399669	0.405279	0.394633	0.398877	0.395851	0.392329	0.403285	0.402186	0.399224	0.394337	0.397637	0.393015	0.398284	0.391624	0.397831	0.397958	0.404075	
0.400678	0.397408	0.406739	0.398126	0.406693	0.397498	0.400768	0.400322	0.401067	0.408343	0.39819	0.400904	0.401507	0.39017	0.390573	0.396786	0.394803	0.39945	0.402637	0.397132	0.392735	0.394822	0.406356	0.397071	0.402459	0.409371	0.405355	0.404083	0.397202	0.393313	0.398158	0.40788	0.400721	0.394897	0.396006	0.397414	0.402395	0.406774	0.407735	0.393462	0.405117	0.395925	0.404365	0.396624	0.396096	0.404938	0.40341	0.400898	0.394388	0.396046	0.408031	0.397123	0.400869	0.404387	0.404194	0.393328	0.403758	0.399549	0.407411	0.39096	0.402862	0.395569	0.40884	0.393583	
0.400465	0.394845	0.400997	0.39286	0.391619	0.398732	0.396322	0.406736	0.404657	0.390687	0.393359	0.390753	0.405625	0.406769	0.401651	0.390013	0.392816	0.399682	0.397136	0.403684	0.394068	0.39133	0.407012	0.407826	0.400879	0.404423	0.408786	0.393741	0.409991	0.407626	0.397323	0.400456	0.392471	0.40832	0.403316	0.39409	0.397052	0.409638	0.390826	0.391709	0.390325	0.394185	0.392462	0.40595	0.390954	0.404113	0.405964	0.39377	0.393795	0.393099	0.407454	0.397863	0.394429	0.404467	0.395689	0.405308	0.398889	0.394475	0.409048	0.39888	0.392101	0.396372	0.409337	0.394572	
0.394691	0.402653	0.398662	0.401743	0.402291	0.399488	0.403452	0.402616	0.403673	0.405914	0.398566	0.404627	0.400027	0.39453	0.408397	0.403821	0.397629	0.405851	0.391684	0.402058	0.400318	0.397373	0.397366	0.409207	0.401848	0.396414	0.398087	0.403949	0.402786	0.397424	0.408521	0.407477	0.390077	0.397183	0.39922	0.402368	0.40667	0.392673	0.394984	0.400343	0.408586	0.403551	0.39497	0.398613	0.408081	0.393367	0.392434	0.39571	0.409218	0.394119	0.407769	0.399536	0.401492	0.395135	0.398744	0.39334	0.401549	0.406831	0.40729	0.394335	0.394255	0.405811	0.391812	0.394332	
0.392994	0.401032	0.4067	0.409664	0.403705	0.391685	0.400007	0.402291	0.405235	0.404977	0.390905	0.403316	0.408344	0.393339	0.409026	0.407562	0.397458	0.406795	0.397099	0.40895	0.39193	0.405842	0.39229	0.403479	0.402673	0.409579	0.407813	0.406928	0.40539	0.409625	0.391261	0.408384	0.400658	0.407961	0.408048	0.394363	0.409646	0.398055	0.406654	0.404881	0.393032	0.407558	0.398197	0.391376	0.390898	0.397223	0.408938	0.398355	0.394018	0.396037	0.397305	0.395948	0.39188	0.399594	0.409427	0.404553	0.399174	0.40724	0.401481	0.394564	0.406866	0.402742	0.392948	0.397524	
0.400703	0.390995	0.401886	0.400349	0.39905	0.39854	0.39523	0.402082	0.396098	0.403427	0.403458	0.396996	0.39065	0.402396	0.405351	0.394669	0.408433	0.392656	0.400617	0.390313	0.40225	0.400044	0.404866	0.391424	0.397284	0.396347	0.395988	0.39415	0.409089	0.398936	0.401673	0.399792	0.399931	0.39356	0.390141	0.408981	0.4021	0.39537	0.401063	0.408198	0.408797	0.39452	0.395194	0.409447	0.406916	0.390545	0.394116	0.405349	0.393201	0.404732	0.405662	0.405451	0.394776	0.400527	0.406875	0.40206	0.406874	0.392864	0.40621	0.405963	0.401799	0.397884	0.395755	0.39173	
0.401443	0.395896	0.390711	0.393543	0.401266	0.401774	0.391741	0.400063	0.406294	0.396935	0.39951	0.40321	0.39748	0.403626	0.39856	0.400681	0.398358	0.394221	0.396133	0.403134	0.404748	0.393008	0.395195	0.401622	0.395872	0.391405	0.397586	0.407671	0.399289	0.403341	0.409401	0.390732	0.409237	0.390113	0.394275	0.400503	0.401887	0.396016	0.390566	0.398181	0.402952	0.400076	0.391392	0.390432	0.393702	0.399951	0.401113	0.40206	0.404172	0.407246	0.395194	0.398921	0.390254	0.400389	0.390543	0.396126	0.401794	0.398129	0.393797	0.391083	0.39147	0.393198	0.391816	0.390706	
0.393311	0.396091	0.401209	0.405198	0.402108	0.401775	0.393379	0.395059	0.39185	0.394771	0.395491	0.395552	0.404722	0.406605	0.407612	0.398895	0.403851	0.392806	0.407816	0.404105	0.403195	0.408359	0.390231	0.394989	0.396488	0.394027	0.396073	0.397958	0.397226	0.397888	0.398664	0.400537	0.40398	0.409873	0.395735	0.396087	0.401647	0.399114	0.401146	0.403498	0.403885	0.406638	0.40905	0.398608	0.403242	0.406662	0.407503	0.397093	0.409468	0.405318	0.391197	0.402663	0.403677	0.391428	0.407652	0.390165	0.395455	0.393725	0.398123	0.402681	0.401613	0.406787	0.393218	0.395593	
0.40666	0.398953	0.40168	0.398307	0.408068	0.392827	0.391805	0.401953	0.409464	0.390855	0.390561	0.402706	0.407516	0.408063	0.409799	0.406984	0.403381	0.390996	0.399647	0.397059	0.392424	0.397299	0.397224	0.397879	0.401024	0.405347	0.39056	0.392637	0.402133	0.393779	0.398231	0.398793	0.402732	0.409911	0.4071	0.400799	0.392738	0.408905	0.392752	0.392202	0.409759	0.393313	0.404908	0.407275	0.391376	0.404707	0.404259	0.404757	0.405703	0.393906	0.391816	0.408127	0.401205	0.39904	0.396007	0.392229	0.394386	0.396567	0.394866	0.40652	0.400346	0.403097	0.395313	0.393077	
0.403008	0.392412	0.403877	0.405745	0.391317	0.406629	0.407947	0.391076	0.409941	0.402855	0.408352	0.391317	0.397562	0.402611	0.406074	0.393265	0.406517	0.40789	0.391393	0.397721	0.39693	0.397399	0.39995	0.401316	0.403966	0.404816	0.397835	0.394312	0.397913	0.403148	0.397389	0.390921	0.40556	0.391265	0.406666	0.406877	0.407894	0.404613	0.407954	0.407835	0.397468	0.406305	0.409153	0.40503	0.398916	0.405227	0.408295	0.395433	0.403117	0.409688	0.403154	0.390047	0.397087	0.393105	0.401362	0.391053	0.407921	0.409198	0.395365	0.395834	0.402346	0.402754	0.396755	0.397906	
0.404019	0.393421	0.394784	0.401914	0.408033	0.392737	0.399749	0.395501	0.409043	0.398902	0.390531	0.397959	0.394129	0.408827	0.403392	0.407246	0.408515	0.396547	0.407292	0.395602	0.399651	0.398655	0.396656	0.397572	0.397853	0.402021	0.403406	0.390198	0.394775	0.390161	0.398105	0.408794	0.393582	0.402888	0.400708	0.391615	0.405626	0.390457	0.397117	0.404669	0.399358	0.397648	0.392628	0.403487	0.396475	0.40602	0.400732	0.39499	0.392567	0.398025	0.400592	0.402218	0.406679	0.407247	0.409791	0.394532	0.399268	0.403197	0.39473	0.404043	0.403358	0.402835	0.402837	0.40694	
0.395723	0.393545	0.408556	0.391349	0.394001	0.395672	0.406017	0.40336	0.40332	0.408645	0.396847	0.409795	0.404665	0.407579	0.394784	0.407232	0.395604	0.405376	0.39945	0.392283	0.402623	0.399241	0.396814	0.391891	0.392438	0.401544	0.405934	0.405796	0.394379	0.398771	0.402736	0.400102	0.402316	0.401292	0.401451	0.406317	0.406964	0.397468	0.399677	0.400284	0.396113	0.406523	0.400079	0.390778	0.404102	0.404863	0.40801	0.409706	0.400239	0.397461	0.391988	0.392862	0.406701	0.398803	0.394754	0.409139	0.390347	0.390688	0.404935	0.394726	0.399459	0.397671	0.404829	0.391774	
0.408963	0.396279	0.408091	0.405927	0.403748	0.397768	0.396211	0.409861	0.394291	0.40629	0.390639	0.408394	0.401153	0.40865	0.408099	0.391392	0.396111	0.390088	0.394255	0.392812	0.398891	0.399008	0.391951	0.399238	0.399696	0.406886	0.403964	0.409155	0.394558	0.398793	0.39093	0.393521	0.405072	0.409021	0.409448	0.39882	0.396789	0.395659	0.398681	0.40108	0.391949	0.39932	0.399474	0.403102	0.39797	0.397573	0.404494	0.404081	0.397661	0.408749	0.406893	0.406551	0.397757	0.408844	0.395789	0.407454	0.40573	0.409754	0.406609	0.390287	0.398547	0.407539	0.393808	0.393619	
0.40656	0.393256	0.402439	0.393349	0.398915	0.39112	0.404429	0.400865	0.400441	0.393903	0.393967	0.408411	0.401476	0.408461	0.402491	0.409137	0.40721	0.399384	0.405688	0.394968	0.398228	0.391478	0.392422	0.393957	0.391231	0.409031	0.394245	0.399778	0.40657	0.398053	0.403397	0.40313	0.401309	0.395836	0.406478	0.390224	0.396956	0.400907	0.401089	0.407397	0.40481	0.405056	0.405808	0.396286	0.403517	0.398299	0.395423	0.400728	0.407683	0.391111	0.405695	0.395911	0.392589	0.408117	0.399868	0.39382	0.407148	0.404113	0.403598	0.403718	0.392166	0.396995	0.396847	0.403475	
0.402831	0.393326	0.403699	0.409788	0.404233	0.394788	0.407185	0.399044	0.409844	0.402992	0.40533	0.403361	0.391291	0.390753	0.394089	0.408975	0.391864	0.409784	0.394886	0.394453	0.407901	0.404754	0.398274	0.405049	0.398867	0.391872	0.398767	0.401033	0.398867	0.405615	0.394508	0.391698	0.40894	0.408208	0.391486	0.403174	0.392996	0.40867	0.392217	0.39284	0.401662	0.407547	0.406202	0.402954	0.4083	0.390291	0.401928	0.390165	0.390075	0.406814	0.394618	0.407977	0.401568	0.402892	0.403026	0.390435	0.404763	0.391793	0.401469	0.39363	0.407408	0.405977	0.395328	0.406348	
0.404185	0.396814	0.399522	0.407181	0.395484	0.401739	0.390021	0.407146	0.399286	0.406223	0.4001	0.397587	0.406514	0.392029	0.397752	0.406589	0.408843	0.40237	0.404566	0.400411	0.395262	0.397592	0.400846	0.390025	0.399385	0.392315	0.393655	0.396793	0.408292	0.398983	0.393142	0.402476	0.405797	0.402664	0.399657	0.391281	0.394403	0.399678	0.408427	0.403689	0.395901	0.398527	0.391276	0.392415	0.400556	0.399028	0.409004	0.399399	0.391397	0.403569	0.409809	0.396659	0.391161	0.400655	0.396684	0.400546	0.40297	0.400339	0.407339	0.401261	0.409322	0.390481	0.393738	0.405119	
0.403145	0.403395	0.406399	0.407547	0.393073	0.404826	0.401237	0.398974	0.393354	0.402513	0.401389	0.40391	0.39154	0.400393	0.393308	0.392938	0.393962	0.393117	0.399597	0.395123	0.403772	0.406281	0.405669	0.396742	0.39662	0.403009	0.408004	0.395942	0.40349	0.391742	0.391061	0.396634	0.405136	0.40746	0.394182	0.40821	0.402287	0.405418	0.397184	0.40564	0.397931	0.408573	0.39955	0.399471	0.398966	0.402858	0.402409	0.402928	0.405975	0.392006	0.408051	0.399748	0.408287	0.40372	0.40649	0.394907	0.396729	0.404494	0.400849	0.390219	0.406235	0.40191	0.396853	0.401372	
0.39937	0.401034	0.399581	0.391657	0.396453	0.406765	0.407297	0.404383	0.405338	0.396847	0.393855	0.394304	0.409706	0.406264	0.407232	0.405681	0.408269	0.405283	0.395429	0.406556	0.399003	0.391919	0.391463	0.405732	0.406413	0.402312	0.405951	0.402648	0.394221	0.392804	0.39402	0.403591	0.403838	0.403601	0.405248	0.390291	0.400367	0.402546	0.404674	0.395705	0.409393	0.408529	0.400009	0.409099	0.404792	0.397241	0.40478	0.403062	0.392523	0.390208	0.399618	0.401527	0.392127	0.401081	0.397259	0.40854	0.393392	0.393209	0.401188	0.397614	0.396013	0.405208	0.391205	0.409851	
0.39881	0.406453	0.390142	0.409177	0.398999	0.404816	0.394881	0.398392	0.403344	0.40489	0.397491	0.398136	0.392131	0.39227	0.391198	0.394654	0.392479	0.400816	0.406181	0.394606	0.391897	0.39344	0.393146	0.395289	0.396649	0.404334	0.402903	0.402662	0.399542	0.404108	0.402513	0.408352	0.400561	0.402655	0.407529	0.40956	0.39747	0.39241	0.397952	0.390814	0.407301	0.405443	0.398951	0.409432	0.407713	0.400149	0.394086	0.390192	0.390964	0.390267	0.394798	0.392861	0.393707	0.397943	0.39815	0.400356	0.392278	0.391053	0.393018	0.40182	0.40516	0.405531	0.400172	0.395721	
0.398185	0.397701	0.395281	0.405655	0.400111	0.403234	0.406469	0.397412	0.398677	0.39542	0.396844	0.39639	0.405568	0.40093	0.396582	0.406533	0.401197	0.401379	0.409394	0.404904	0.409323	0.397544	0.395259	0.3916	0.398596	0.398277	0.40342	0.393756	0.393807	0.393593	0.399478	0.401992	0.401294	0.404759	0.397648	0.391405	0.397993	0.394117	0.398817	0.406669	0.399537	0.40566	0.393059	0.395105	0.39659	0.39964	0.391638	0.407787	0.39102	0.391032	0.40269	0.390342	0.398575	0.40795	0.391943	0.407172	0.396226	0.405363	0.390928	0.400034	0.408956	0.400406	0.392026	0.400249	
0.395165	0.399674	0.401654	0.403157	0.40379	0.390471	0.399826	0.393327	0.406131	0.402885	0.398432	0.392721	0.392525	0.40007	0.390508	0.393545	0.401102	0.403198	0.393888	0.409677	0.401148	0.39583	0.406849	0.407375	0.391194	0.407777	0.397408	0.390149	0.398183	0.399434	0.400399	0.403347	0.409108	0.392053	0.396504	0.402898	0.392523	0.40633	0.406226	0.408655	0.399215	0.394658	0.391376	0.401741	0.404728	0.391884	0.405286	0.39583	0.405082	0.409174	0.395507	0.396231	0.395004	0.392356	0.393605	0.396198	0.390133	0.401013	0.396347	0.398316	0.390448	0.406746	0.391663	0.409556	
0.408798	0.398167	0.402454	0.391322	0.394498	0.39868	0.409976	0.403713	0.403338	0.391352	0.395454	0.398066	0.393236	0.39074	0.403896	0.408319	0.409914	0.409403	0.394549	0.394918	0.39176	0.398154	0.401116	0.391893	0.409167	0.407463	0.400209	0.409615	0.404209	0.401872	0.409171	0.403007	0.390039	0.401625	0.404329	0.394537	0.390305	0.404305	0.40825	0.403642	0.405657	0.393704	0.391708	0.408894	0.394444	0.405604	0.407212	0.394358	0.405007	0.391761	0.399276	0.406767	0.399916	0.390392	0.40866	0.399083	0.407855	0.398869	0.398698	0.402064	0.390741	0.397869	0.395071	0.39078	
0.409494	0.409399	0.395317	0.409799	0.403705	0.393568	0.403441	0.399362	0.397272	0.405149	0.398256	0.401716	0.400753	0.395468	0.406074	0.395761	0.39723	0.395351	0.392528	0.407145	0.395743	0.391187	0.396228	0.393598	0.400056	0.404926	0.405661	0.400797	0.392795	0.390732	0.401577	0.392289	0.390132	0.406894	0.392088	0.403836	0.390462	0.405529	0.393198	0.397734	0.400678	0.401454	0.40945	0.391431	0.406922	0.405524	0.397192	0.394152	0.390875	0.39972	0.391297	0.396617	0.400907	0.397526	0.400215	0.390963	0.392452	0.395877	0.40176	0.395247	0.396609	0.393337	0.397537	0.39674	
0.390231	0.399624	0.390576	0.390692	0.395153	0.393775	0.398426	0.405831	0.405229	0.397876	0.407263	0.402151	0.3934	0.394455	0.406303	0.394275	0.404174	0.4076	0.400892	0.395081	0.395126	0.391108	0.396045	0.397578	0.396984	0.407804	0.402825	0.403593	0.391141	0.390362	0.390333	0.391372	0.399986	0.390909	0.392064	0.405139	0.394684	0.40049	0.400971	0.409912	0.408366	0.398233	0.402063	0.391766	0.402688	0.398366	0.396041	0.396862	0.395966	0.406933	0.401944	0.401092	0.408041	0.407988	0.40867	0.395025	0.405793	0.401495	0.408618	0.406934	0.401856	0.408951	0.408305	0.391843	
0.40986	0.390369	0.406982	0.394543	0.400859	0.397953	0.394456	0.399225	0.406186	0.406519	0.400991	0.398874	0.394886	0.407032	0.405736	0.400852	0.403965	0.397679	0.391944	0.402006	0.395668	0.390614	0.407031	0.39146	0.402108	0.405649	0.408394	0.393965	0.404599	0.406699	0.395808	0.404459	0.407068	0.39279	0.409003	0.397928	0.400742	0.393459	0.407153	0.396928	0.409978	0.398143	0.405802	0.394863	0.395175	0.401537	0.405715	0.40914	0.409217	0.407659	0.401146	0.394884	0.408273	0.398177	0.396345	0.400381	0.393826	0.394739	0.404346	0.408425	0.391438	0.390154	0.402884	0.408506	
0.392943	0.401887	0.396434	0.403686	0.405346	0.393586	0.390614	0.405323	0.40173	0.406415	0.390187	0.406905	0.397952	0.405902	0.406045	0.397169	0.403561	0.397192	0.402054	0.401834	0.405369	0.408398	0.392216	0.409195	0.393137	0.406562	0.40762	0.394574	0.406716	0.400505	0.39308	0.40966	0.392392	0.399514	0.403345	0.407738	0.403101	0.403959	0.403061	0.394831	0.400374	0.403248	0.391736	0.408326	0.39915	0.407781	0.395496	0.392711	0.394973	0.407549	0.404546	0.390342	0.405947	0.406762	0.409537	0.409084	0.403324	0.407157	0.393658	0.40004	0.397662	0.396739	0.3997	0.400054	
0.406253	0.393045	0.397792	0.399354	0.407004	0.390853	0.404184	0.397378	0.404101	0.40592	0.395704	0.393251	0.403701	0.4012	0.395962	0.408674	0.398749	0.390508	0.409016	0.394696	0.407269	0.408553	0.39378	0.400593	0.40571	0.397439	0.390633	0.393373	0.404177	0.400333	0.403427	0.40043	0.403378	0.391219	0.409784	0.400382	0.392072	0.403968	0.40776	0.406173	0.399888	0.393465	0.409423	0.393589	0.404665	0.395385	0.392263	0.393414	0.395893	0.391279	0.398111	0.393163	0.409832	0.401891	0.403756	0.405542	0.409329	0.404389	0.408914	0.403507	0.394722	0.402341	0.393937	0.4081	
0.40356	0.393721	0.398482	0.405632	0.407689	0.396243	0.401805	0.397577	0.399707	0.401228	0.401165	0.394372	0.406613	0.403428	0.397786	0.392507	0.404707	0.405897	0.395669	0.404539	0.397787	0.409425	0.400081	0.397117	0.403814	0.398995	0.390624	0.408536	0.391336	0.39456	0.406637	0.404896	0.398281	0.395119	0.400528	0.39597	0.401362	0.392333	0.403546	0.391069	0.403561	0.394712	0.395441	0.400174	0.40814	0.403227	0.402681	0.402847	0.399123	0.40835	0.397386	0.406911	0.407775	0.407467	0.394028	0.401589	0.396462	0.394651	0.400125	0.397798	0.399212	0.396762	0.392695	0.407493	
0.401881	0.403223	0.393463	0.393243	0.405555	0.407009	0.394311	0.399116	0.391721	0.399752	0.40929	0.409861	0.392979	0.401971	0.402709	0.402103	0.400321	0.390095	0.399014	0.398096	0.407562	0.403042	0.409685	0.394023	0.407693	0.39981	0.401822	0.396905	0.406572	0.404516	0.394398	0.398453	0.397739	0.397861	0.401696	0.393294	0.39487	0.406008	0.40241	0.396591	0.39576	0.4017	0.396452	0.398739	0.393671	0.409161	0.390842	0.403991	0.409256	0.399855	0.392087	0.406817	0.392897	0.391772	0.390841	0.39059	0.401582	0.402662	0.397495	0.398155	0.397179	0.401893	0.406608	0.404917	
0.409754	0.398304	0.408212	0.394624	0.394312	0.400622	0.401215	0.400072	0.392322	0.407667	0.408811	0.395993	0.406828	0.409653	0.409984	0.406084	0.399508	0.392071	0.402901	0.402405	0.393843	0.403742	0.402995	0.405426	0.396404	0.39049	0.393581	0.403582	0.402383	0.390189	0.3985	0.402137	0.398493	0.396711	0.406761	0.402805	0.407333	0.397976	0.392877	0.409655	0.395643	0.391688	0.395647	0.392471	0.391341	0.395631	0.408555	0.400849	0.397703	0.401456	0.393254	0.401546	0.395198	0.40625	0.396972	0.401602	0.40674	0.400552	0.395184	0.399123	0.400741	0.403684	0.391259	0.409234	
0.390396	0.40802	0.40204	0.407729	0.395996	0.404917	0.407384	0.401639	0.406605	0.393031	0.40411	0.407945	0.398662	0.402665	0.398795	0.406365	0.394122	0.402049	0.397911	0.39932	0.398299	0.404883	0.390921	0.395038	0.395435	0.396106	0.404161	0.406176	0.40979	0.40542	0.405411	0.390186	0.40344	0.397451	0.407915	0.409436	0.392367	0.405298	0.401075	0.408972	0.408329	0.395185	0.406917	0.396992	0.40785	0.395712	0.393357	0.391971	0.407761	0.401268	0.401291	0.396059	0.396151	0.402212	0.401098	0.401586	0.408318	0.395259	0.397763	0.408108	0.390679	0.393174	0.408294	0.404119	
0.400624	0.406209	0.403555	0.402991	0.401508	0.39463	0.401963	0.399837	0.399814	0.398881	0.406829	0.397664	0.404593	0.390185	0.399635	0.402354	0.401453	0.390926	0.408413	0.407604	0.403138	0.39951	0.39919	0.401457	0.404769	0.406953	0.399565	0.405448	0.390126	0.39786	0.399567	0.40075	0.394069	0.393122	0.393742	0.405576	0.397752	0.405705	0.395413	0.407566	0.394586	0.392242	0.39523	0.409179	0.392427	0.404865	0.401532	0.403881	0.405791	0.399945	0.401485	0.39893	0.409456	0.390675	0.390386	0.404225	0.407628	0.399951	0.399673	0.407754	0.407811	0.40924	0.398505	0.391879	
0.392362	0.402247	0.407456	0.400114	0.397952	0.392869	0.39768	0.402538	0.395111	0.40291	0.401717	0.397538	0.397775	0.393249	0.391418	0.393567	0.403194	0.402903	0.402496	0.40265	0.403578	0.402882	0.396875	0.401206	0.392834	0.406547	0.39896	0.390645	0.405787	0.407465	0.392524	0.408149	0.399712	0.40998	0.398263	0.407663	0.392849	0.405944	0.400201	0.397959	0.398854	0.391918	0.405497	0.406629	0.395167	0.406915	0.390196	0.408361	0.399819	0.402692	0.401011	0.393397	0.395575	0.407886	0.404603	0.398408	0.404433	0.393563	0.399053	0.40022	0.391028	0.401577	0.39837	0.40074	
0.401557	0.406633	0.398403	0.404405	0.402577	0.408605	0.392364	0.39143	0.390523	0.407861	0.408059	0.39569	0.404777	0.408255	0.394051	0.394595	0.400947	0.405062	0.397992	0.406522	0.402948	0.392595	0.39493	0.397381	0.396159	0.403983	0.407601	0.397187	0.39556	0.395971	0.407927	0.407117	0.392604	0.396331	0.401522	0.40518	0.394935	0.403886	0.406611	0.395458	0.401748	0.40467	0.401148	0.396525	0.402925	0.405198	0.40112	0.393873	0.40026	0.409112	0.390395	0.393208	0.391707	0.395325	0.400589	0.397866	0.409308	0.39819	0.405053	0.394868	0.404161	0.40298	0.391985	0.406764	
0.409311	0.403507	0.401945	0.394246	0.397393	0.398556	0.399704	0.409141	0.393226	0.390852	0.395666	0.406151	0.40605	0.406785	0.390024	0.39631	0.405897	0.390419	0.399518	0.407605	0.395743	0.390107	0.395471	0.395052	0.398297	0.390524	0.39992	0.392458	0.403504	0.401905	0.409222	0.402814	0.395411	0.401167	0.40706	0.402805	0.409723	0.396764	0.401946	0.392948	0.397616	0.407611	0.409099	0.393666	0.404397	0.409123	0.399976	0.400294	0.409542	0.409495	0.397899	0.395285	0.409602	0.403369	0.400337	0.397899	0.403893	0.390256	0.400357	0.397397	0.402161	0.399579	0.390211	0.407572	
0.390746	0.407271	0.400377	0.390469	0.394035	0.392323	0.393417	0.401651	0.409934	0.392517	0.405317	0.40433	0.39164	0.395293	0.394625	0.391182	0.394787	0.402523	0.396467	0.394389	0.395893	0.406803	0.402288	0.409786	0.40706	0.392645	0.397182	0.399221	0.402224	0.397393	0.396793	0.40297	0.394664	0.40717	0.403439	0.3987	0.409493	0.406857	0.390351	0.409427	0.409373	0.405668	0.403758	0.391013	0.39096	0.408382	0.392195	0.395748	0.400905	0.398661	0.400137	0.406798	0.395465	0.392425	0.406583	0.392524	0.39507	0.393766	0.401745	0.407294	0.401159	0.408539	0.400265	0.405823	
0.405709	0.393704	0.394523	0.405202	0.390561	0.394873	0.404629	0.409934	0.390541	0.398387	0.390947	0.391501	0.396769	0.393141	0.397249	0.407674	0.401803	0.407386	0.404472	0.407267	0.409812	0.401055	0.409792	0.394882	0.404821	0.401537	0.392176	0.39598	0.400076	0.402441	0.391803	0.395785	0.406145	0.396325	0.390987	0.406706	0.401199	0.405616	0.40664	0.401739	0.394003	0.407587	0.403241	0.400772	0.390728	0.39049	0.398446	0.402531	0.407876	0.392918	0.399798	0.407688	0.403973	0.39959	0.39257	0.398794	0.391127	0.394746	0.404774	0.401202	0.407187	0.406577	0.406987	0.403333	
0.392902	0.407973	0.400039	0.404101	0.403589	0.396678	0.39584	0.407592	0.394265	0.409081	0.398364	0.394993	0.409571	0.406809	0.407524	0.407447	0.409727	0.397322	0.405134	0.4037	0.406911	0.407704	0.392494	0.408038	0.39245	0.407268	0.39924	0.409637	0.403845	0.396227	0.40297	0.406747	0.3942	0.393008	0.400848	0.40779	0.399687	0.406688	0.405382	0.403952	0.405769	0.393745	0.408945	0.405339	0.390555	0.406469	0.402786	0.390282	0.393791	0.39792	0.403982	0.390702	0.395624	0.406476	0.40874	0.398074	0.403744	0.39798	0.397711	0.397589	0.404206	0.390681	0.394336	0.408407	
0.393689	0.405184	0.406196	0.403376	0.401871	0.401578	0.397328	0.39764	0.405323	0.396273	0.392979	0.405878	0.392742	0.405765	0.40616	0.396533	0.393685	0.400141	0.397235	0.399309	0.396617	0.395975	0.407382	0.390361	0.403954	0.395093	0.39795	0.398161	0.395774	0.402286	0.396567	0.399462	0.39747	0.392763	0.392838	0.409341	0.404341	0.400165	0.396981	0.399665	0.406438	0.39996	0.395543	0.40918	0.395725	0.391702	0.395712	0.39941	0.401844	0.402947	0.408718	0.408461	0.408922	0.4061	0.408822	0.402876	0.391193	0.396772	0.391037	0.396967	0.409057	0.397604	0.406429	0.396527	
0.400368	0.409267	0.395868	0.394709	0.399433	0.402849	0.404373	0.395871	0.392809	0.409916	0.395051	0.398534	0.391618	0.400763	0.407944	0.403462	0.39371	0.406662	0.401922	0.392632	0.402763	0.400744	0.405508	0.403956	0.407516	0.406545	0.390923	0.406573	0.394149	0.407352	0.3931	0.404517	0.406619	0.398968	0.409226	0.396052	0.391817	0.403599	0.401923	0.394627	0.403515	0.406974	0.403161	0.405133	0.397737	0.401105	0.398595	0.401448	0.397767	0.390518	0.40408	0.39053	0.401262	0.399588	0.404485	0.398778	0.396133	0.405408	0.395351	0.400282	0.402761	0.398451	0.394799	0.39938	
0.407419	0.394025	0.405432	0.409237	0.407624	0.397355	0.393863	0.401139	0.394329	0.407024	0.396272	0.402067	0.398129	0.404867	0.393514	0.405896	0.405385	0.407594	0.406425	0.396647	0.397182	0.400911	0.405425	0.403315	0.396319	0.390775	0.393598	0.40908	0.399226	0.398397	0.39846	0.396646	0.402421	0.393892	0.395882	0.400045	0.401248	0.399745	0.391183	0.405577	0.396769	0.397455	0.397643	0.404898	0.392323	0.401158	0.400794	0.407708	0.398752	0.39722	0.394355	0.405934	0.408131	0.409779	0.39925	0.39445	0.390555	0.402847	0.39353	0.399781	0.391244	0.401989	0.406427	0.403665	
0.405881	0.392309	0.39371	0.397129	0.402054	0.394893	0.392706	0.408824	0.402348	0.400349	0.403722	0.404671	0.391507	0.394516	0.402379	0.400259	0.401736	0.406734	0.396193	0.399866	0.406513	0.405443	0.404316	0.407068	0.39829	0.407846	0.396849	0.399534	0.399835	0.393276	0.393199	0.395716	0.395585	0.396909	0.402845	0.407639	0.401802	0.405551	0.406463	0.39415	0.3959	0.400185	0.408821	0.397408	0.404701	0.4012	0.407666	0.396436	0.397934	0.39386	0.406302	0.394447	0.409302	0.400618	0.391515	0.397592	0.398464	0.398364	0.407126	0.408299	0.401641	0.390324	0.394015	0.407226	
0.397233	0.40686	0.404865	0.409035	0.402412	0.401328	0.393185	0.408312	0.391512	0.392006	0.39572	0.406213	0.403207	0.393386	0.392649	0.391141	0.397246	0.408952	0.395588	0.396548	0.39957	0.397103	0.40414	0.408034	0.405467	0.401266	0.406333	0.397108	0.40159	0.390348	0.394333	0.408823	0.407209	0.409198	0.407858	0.39962	0.400526	0.391043	0.397932	0.402038	0.393049	0.403652	0.398251	0.406256	0.407038	0.400901	0.407397	0.394283	0.399852	0.392985	0.400831	0.409423	0.400087	0.394971	0.407457	0.395554	0.406237	0.40379	0.402662	0.397827	0.404138	0.406995	0.39665	0.401347	
0.406193	0.394508	0.390967	0.396719	0.395551	0.398899	0.408758	0.3986	0.392551	0.397009	0.394856	0.409589	0.407909	0.392253	0.393872	0.397762	0.395238	0.404703	0.397184	0.405325	0.409674	0.394641	0.39088	0.405911	0.408431	0.403542	0.393737	0.40257	0.400537	0.400387	0.393916	0.39673	0.404895	0.394883	0.40345	0.390446	0.403783	0.402207	0.399046	0.406334	0.409216	0.403902	0.405923	0.407125	0.406155	0.409795	0.394887	0.391393	0.404498	0.402072	0.406718	0.404172	0.406713	0.407598	0.400083	0.405144	0.401139	0.40382	0.397714	0.391676	0.394208	0.40163	0.398407	0.409102	
0.406514	0.391856	0.409548	0.400296	0.404063	0.398594	0.39663	0.403279	0.392496	0.392553	0.400405	0.408651	0.392347	0.405292	0.390044	0.406845	0.397363	0.406763	0.401018	0.394076	0.40436	0.3911	0.409221	0.3955	0.404921	0.396934	0.397176	0.409129	0.408565	0.405583	0.408231	0.405078	0.407439	0.407779	0.395375	0.401502	0.396373	0.402005	0.394782	0.398868	0.404558	0.405187	0.39752	0.406905	0.400478	0.397564	0.403751	0.407842	0.394327	0.394768	0.391918	0.408687	0.395869	0.391139	0.394187	0.39079	0.398073	0.401363	0.409918	0.396637	0.396945	0.408149	0.391716	0.394384	
0.405928	0.39709	0.405887	0.392301	0.409095	0.390668	0.401169	0.403653	0.405855	0.408689	0.400558	0.396333	0.396253	0.394309	0.394175	0.400579	0.399077	0.396093	0.399266	0.404946	0.397232	0.403453	0.405735	0.405304	0.394815	0.405653	0.391942	0.401761	0.403802	0.393658	0.406145	0.39973	0.400748	0.402031	0.402031	0.399844	0.4027	0.3932	0.393497	0.398555	0.391889	0.404055	0.404888	0.398142	0.408364	0.409063	0.408721	0.397442	0.395156	0.397987	0.392387	0.402388	0.39144	0.408123	0.397692	0.396255	0.403776	0.399634	0.408016	0.397578	0.403292	0.404161	0.407309	0.39404	
0.396192	0.39934	0.403883	0.408892	0.40254	0.40738	0.397446	0.404429	0.401436	0.392334	0.39257	0.3998	0.391397	0.391291	0.407241	0.396553	0.399278	0.409629	0.40894	0.400718	0.407751	0.396633	0.406974	0.401527	0.406267	0.404989	0.409105	0.399558	0.39915	0.406414	0.403598	0.405342	0.395753	0.397482	0.404234	0.408293	0.394862	0.39168	0.402721	0.406297	0.394014	0.405292	0.396097	0.395411	0.406583	0.393339	0.401964	0.395861	0.392967	0.400904	0.406579	0.390718	0.407537	0.403553	0.402245	0.403803	0.398542	0.401351	0.393361	0.407693	0.397764	0.40696	0.403035	0.403517	
0.394441	0.397268	0.40181	0.399303	0.398948	0.394532	0.3956	0.402962	0.409823	0.401697	0.408373	0.406406	0.405036	0.400337	0.392267	0.408003	0.391241	0.408847	0.408722	0.408778	0.4024	0.400967	0.402581	0.390942	0.392317	0.405943	0.408635	0.400082	0.402902	0.401669	0.393599	0.407343	0.408938	0.405409	0.396646	0.397886	0.409941	0.402246	0.390848	0.409765	0.393943	0.409221	0.406171	0.408979	0.399558	0.408438	0.406983	0.400799	0.407285	0.405704	0.399577	0.399684	0.396671	0.392158	0.400626	0.398989	0.408101	0.399261	0.40907	0.401003	0.39093	0.392669	0.398346	0.409868	
0.408079	0.404992	0.397755	0.40802	0.397238	0.398603	0.407785	0.401182	0.397824	0.403955	0.400161	0.407383	0.402393	0.397144	0.398182	0.399678	0.392848	0.407759	0.409362	0.399519	0.409917	0.399989	0.408507	0.408018	0.40925	0.407578	0.399021	0.39018	0.390247	0.407368	0.390049	0.408326	0.40236	0.397803	0.406346	0.409598	0.406406	0.404131	0.40078	0.39423	0.398086	0.390942	0.391613	0.39048	0.398085	0.399795	0.400158	0.400933	0.397554	0.39952	0.390452	0.397472	0.409509	0.40896	0.39549	0.408759	0.406537	0.404511	0.408939	0.406785	0.401879	0.408987	0.405111	0.394239	
0.396791	0.401457	0.393837	0.393197	0.395588	0.404617	0.397427	0.403674	0.405558	0.39904	0.404153	0.393644	0.408835	0.394311	0.404577	0.396389	0.403831	0.405029	0.403861	0.40334	0.403989	0.409351	0.402099	0.400527	0.403862	0.401037	0.397311	0.395741	0.400025	0.392422	0.39998	0.406815	0.403878	0.403816	0.390012	0.409466	0.398433	0.397439	0.40314	0.393992	0.406479	0.397293	0.397636	0.405314	0.401604	0.392213	0.391704	0.395436	0.407242	0.405565	0.408776	0.401231	0.404916	0.400874	0.391758	0.398778	0.391912	0.399069	0.404519	0.401936	0.40149	0.394499	0.398752	0.395369	
0.408315	0.398764	0.394835	0.396748	0.406202	0.407975	0.40074	0.402682	0.395268	0.408376	0.397996	0.406872	0.390588	0.399699	0.392308	0.40783	0.395264	0.391084	0.399062	0.39018	0.401958	0.400819	0.398958	0.40387	0.409888	0.393476	0.395806	0.401379	0.397975	0.404558	0.406747	0.39629	0.393321	0.391582	0.403038	0.409524	0.409557	0.393778	0.402205	0.394824	0.392154	0.390201	0.391697	0.392742	0.3999	0.394005	0.390572	0.405164	0.395089	0.399634	0.405344	0.407047	0.390454	0.394301	0.400916	0.390342	0.397778	0.406722	0.40172	0.405753	0.40128	0.398468	0.392043	0.404601	
0.40005	0.405081	0.404124	0.399606	0.408859	0.396329	0.404431	0.391013	0.39653	0.406128	0.393755	0.40643	0.390133	0.394327	0.401594	0.395221	0.403961	0.396938	0.392268	0.404415	0.401239	0.403184	0.404757	0.409016	0.399907	0.396477	0.404769	0.391186	0.404945	0.406812	0.405787	0.394995	0.401893	0.399911	0.404601	0.400752	0.406241	0.399032	0.401764	0.392771	0.39516	0.405519	0.409201	0.395292	0.409846	0.400795	0.400514	0.403807	0.407732	0.402782	0.398222	0.398971	0.395966	0.392979	0.397987	0.405873	0.399456	0.392757	0.407059	0.394401	0.409568	0.402846	0.399395	0.401461	
0.392758	0.393996	0.392213	0.408998	0.403028	0.403977	0.391769	0.408187	0.399496	0.390969	0.39348	0.399342	0.401764	0.403993	0.393149	0.399496	0.396775	0.401371	0.408467	0.402742	0.40435	0.396455	0.398615	0.393806	0.399211	0.395674	0.398207	0.39878	0.40852	0.407602	0.390241	0.391278	0.391598	0.392453	0.390276	0.404626	0.40643	0.392044	0.402813	0.395925	0.393013	0.406293	0.405267	0.404777	0.400286	0.408416	0.394273	0.407062	0.399788	0.39274	0.399803	0.394138	0.399195	0.408418	0.397944	0.408406	0.394092	0.406151	0.397186	0.392612	0.403753	0.397426	0.393889	0.405351	
0.399879	0.394165	0.399976	0.396309	0.396209	0.39279	0.402235	0.399222	0.409083	0.397502	0.393999	0.399369	0.395918	0.398273	0.396431	0.405706	0.401013	0.406234	0.409844	0.390208	0.404652	0.397789	0.408614	0.408743	0.39394	0.395799	0.391355	0.407693	0.403226	0.395244	0.403043	0.393105	0.399409	0.39302	0.399414	0.405618	0.395809	0.391649	0.39484	0.394892	0.399151	0.39884	0.404261	0.405069	0.407113	0.390691	0.400775	0.398126	0.406925	0.40062	0.398333	0.401577	0.408408	0.396947	0.40032	0.392348	0.402746	0.401675	0.390041	0.395972	0.406919	0.403084	0.399077	0.396329	
0.406104	0.408491	0.391947	0.391913	0.39014	0.396787	0.396805	0.399291	0.405627	0.391065	0.394361	0.40274	0.391757	0.405136	0.390865	0.408682	0.395756	0.399199	0.400258	0.394164	0.406146	0.390578	0.396512	0.398892	0.402254	0.396553	0.404864	0.399173	0.409636	0.393941	0.405502	0.40574	0.392433	0.407448	0.407653	0.392573	0.394236	0.394458	0.401864	0.409863	0.395523	0.406225	0.402603	0.39728	0.401361	0.403468	0.395961	0.407117	0.392666	0.40622	0.391281	0.408812	0.406798	0.397793	0.397704	0.399052	0.404346	0.392568	0.408225	0.403982	0.396509	0.403726	0.399722	0.398942	
0.401175	0.397375	0.401515	0.405411	0.401833	0.39338	0.405273	0.407356	0.409605	0.397876	0.394635	0.400966	0.391344	0.400597	0.398083	0.39401	0.396816	0.399364	0.392822	0.393614	0.407157	0.400526	0.402666	0.401503	0.403094	0.400891	0.395485	0.409604	0.394617	0.405208	0.398546	0.405792	0.392583	0.390061	0.401202	0.404415	0.393441	0.396476	0.401771	0.393046	0.404352	0.406407	0.404011	0.405696	0.397003	0.392094	0.409706	0.403819	0.401458	0.392528	0.407434	0.398615	0.403054	0.400099	0.390118	0.396149	0.39099	0.395603	0.395752	0.395607	0.39081	0.404298	0.391399	0.393393	
